S,E,I,R,D
0.9999999,1e-07,0.0,0.0,0.0
0.9999999,5e-08,5e-08,0.0,0.0
0.9999998750000025,4.99999975e-08,6.668041666666666e-08,8.25e-09,6.958333333333333e-11
0.9999998416597984,5.8340202915807374e-08,8.058534975347223e-08,1.9252268749999998e-08,1.6238024652777777e-10
0.9999998013671298,6.946276995468954e-08,9.63467205569794e-08,3.254885145932291e-08,2.745281916013599e-10
0.9999997531937791,8.290473568702165e-08,1.1504681412298078e-07,4.844606035122451e-08,4.086107110431563e-10
0.9999996956703863,9.897576070786651e-08,1.3735635081987863e-07,6.742878468151633e-08,5.687175273643045e-10
0.9999996269922318,1.1816603486306997e-07,1.6398927903364093e-07,9.00925825667963e-08,7.598717822553023e-10
0.9999995449976229,1.4107762636371797e-07,1.9578584701130334e-07,1.1715081360734705e-07,9.880901955771194e-10
0.999999447104744,1.6843169214599775e-07,2.3374752679920654e-07,1.494554783642121e-07,1.2605588326678498e-09
0.9999993302310451,2.0108954485365282e-07,2.790697323088741e-07,1.8802382028608117e-07,1.585857474130079e-09
0.9999991906962724,2.40079545125142e-07,3.331796268606065e-07,2.340703261170454e-07,1.974229518259929e-09
0.9999990241065938,2.866294511711172e-07,3.9778108601046306e-07,2.8904496454904544e-07,2.437904498974273e-09
0.999998825216245,3.422050744948206e-07,4.74908353726264e-07,3.5467884374077185e-07,2.991483177005501e-09
0.9999985877623471,4.0855643515323275e-07,5.669900984832383e-07,4.330387221056054e-07,3.652397302607885e-09
0.9999983042676982,4.877728664558526e-07,6.769258885897313e-07,5.265920883553397e-07,4.441458522997058e-09
0.9999979658053278,5.823488035802443e-07,8.08177495005398e-07,6.382848599726453e-07,5.383513717951101e-09
0.9999975617174024,6.95262327297644e-07,9.648778964390804e-07,7.71634146648536e-07,6.508227398500279e-09
0.9999970792796306,8.300689355458704e-07,1.1519614187695764e-06,9.308389995609843e-07,7.851015804378e-09
0.9999965033006034,9.910134948791331e-07,1.3753191061377437e-06,1.1209126336579643e-06,9.45416211216566e-09
0.9999958156434549,1.1831638959696943e-06,1.6419842153085408e-06,1.347840286170692e-06,1.1368147868207353e-08
0.9999949946547825,1.4125706203154183e-06,1.9603536730678413e-06,1.6187676816966012e-06,1.3653242567845072e-08
0.9999940144828521,1.6864572405681886e-06,2.3404524683076706e-06,1.942226037752795e-06,1.638140142953115e-08
0.9999928442636223,2.013447850028738e-06,2.794249301635938e-06,2.3284006950235607e-06,1.963853111459266e-08
0.9999914471489689,2.40383857837665e-06,3.336033428268934e-06,2.7894518297934905e-06,2.3527194726036006e-08
0.9999897791465211,2.8699217370243185e-06,3.982864555271877e-06,3.3398973454578645e-06,2.8169841247043607e-08
0.9999877877345976,3.4263727920105747e-06,4.755109952324757e-06,3.997069997077724e-06,3.3712661086463634e-08
0.9999854102086568,4.090712336835288e-06,5.677085678179474e-06,4.781663139211309e-06,4.033018910344892e-08
0.9999825717072315,4.88385759375964e-06,6.777822098795372e-06,5.718382276110922e-06,4.8230800005582026e-08
0.999979182855245,5.8307807833435705e-06,8.091977780286465e-06,6.836722922412159e-06,5.766326909307225e-08
0.9999751369505808,6.961295055878615e-06,9.66093050246675e-06,8.171899256159425e-06,6.892460483730425e-08
0.9999703066054297,8.310992679076424e-06,1.1534079702549778e-05,9.765952789066439e-06,8.236939978657048e-08
0.9999645397368214,9.922364947823295e-06,1.3770401296914561e-05,1.1669075939987152e-05,9.842099403928558e-08
0.999957654780324,1.1846138971341896e-05,1.6440303748363767e-05,1.3941192153978055e-05,1.1758480251082502e-07
0.9999494349765339,1.4142873275715949e-05,1.9627843692838222e-05,1.6653842272458076e-05,1.4046422522729793e-07
0.9999396215509286,1.6884862243088624e-05,2.3433370705572024e-05,1.9892436481776384e-05,1.6777964103316447e-07
0.9999279055730111,2.0158409039040465e-05,2.7976684219798367e-05,2.3758942648195766e-05,2.003910819317522e-07
0.9999139182393828,2.406653814791048e-05,3.340080162417932e-05,2.8375095544462497e-05,2.393253008043049e-07
0.9998972192761706,2.8732232286139984e-05,3.987645564788466e-05,3.388622781245208e-05,2.858080830646211e-07
0.9998772830976121,3.43022947015247e-05,4.760746187494371e-05,4.0465842994353054e-05,3.4130281717459395e-07
0.9998534822877948,4.095195716810828e-05,5.683712429856438e-05,4.8321074203718765e-05,4.0755653495055727e-07
0.9998250678894682,4.8890376910626056e-05,6.785587904203989e-05,5.769919971298189e-05,4.866548662660593e-07
0.9997911458850333,5.8367192890266556e-05,8.101041469041616e-05,6.889541975491847e-05,5.810876312662315e-07
0.9997506491373673,6.968034411110968e-05,9.671455321785328e-05,8.226213817883714e-05,6.938271250437273e-07
0.9997023039186871,8.318539073584426e-05,0.00011546222957256749,9.822003945978293e-05,8.284215449385731e-07
0.9996445899902274,9.930662382756308e-05,0.0001378429721248608,0.00011727130733925657,9.891064810937294e-07
0.9995756929995511,0.00011855030259017161,0.0001645603621684999,0.0001400153977398586,1.1809379506341607e-06
0.9994934477305237,0.00014152042032247717,0.00019645404053509873,0.0001671678574976611,1.4099511213186564e-06
0.9993952704673763,0.00016893747330861786,0.00023452593546830137,0.00019958277418595237,1.6833496610633355e-06
0.9992780784120224,0.0002016607920081491,0.00027997151084348053,0.00023827955353822208,2.0097315879233882e-06
0.9991381937153427,0.0002407150926838226,0.0003342169805391236,0.0002844748528273964,2.399358607180565e-06
0.9989712292402357,0.0002873220214488638,0.00039896360646082926,0.00033962065461635174,2.8644772384308455e-06
0.9987719526581278,0.0003429375928324206,0.00047624039776689967,0.00040544964968238856,3.4197015907554997e-06
0.9985341248824963,0.0004092965720476936,0.0005684667606646792,0.000484029315313927,4.082469477647768e-06
0.9982503081546464,0.000488465013873634,0.000678526914936929,0.000577826330823599,4.87358571957278e-06
0.9979116383127424,0.0005829023488408448,0.0008098581976191989,0.0006897832717881922,5.817869009526674e-06
0.9975075548968666,0.0006955345902962951,0.0009665557167741002,0.00082340987439536,6.944921667880059e-06
0.9970254818006453,0.0008298403913694359,0.0011534961952820106,0.0009828915676630865,8.290045040390681e-06
0.9964504503237449,0.000989951672585115,0.001376484236540096,0.0011732184398846183,9.895327245491479e-06
0.9957646564170958,0.0011807697429416428,0.0016424245665743525,0.001400338338913734,1.1810934474676446e-05
0.9949469480293296,0.0014080932592370004,0.0019595236770385896,0.0016713383923985022,1.409664199649242e-05
0.9939722631199072,0.0016787315390409383,0.002337521896161844,0.0019946597991098696,1.6823645780371125e-05
0.9928111633316742,0.002000465557753393,0.002787943501510117,0.002380350911976574,2.0076697085863024e-05
0.9914302134342257,0.0023811826763252696,0.003324285714598043,0.002840361589725743,2.3956585125464603e-05
0.9897968181270811,0.002823986645307248,0.003961743612232518,0.00338886873263442,2.858288274494688e-05
0.9879045279997957,0.0033042834499390204,0.004714535812340753,0.004042556428652785,3.409630927197047e-05
0.9858712343484672,0.003685435376297992,0.005582218065935198,0.004820454837689009,4.065737161081135e-05
0.9841088813594453,0.003605070677170928,0.00649610118639646,0.005741520818568317,4.842595841923784e-05
0.9830020994719554,0.0029093172260753935,0.007217739421742107,0.006813377514323733,5.7466365903639577e-05
0.9823433572207259,0.0021134008642672234,0.007471426342830432,0.00800430451891118,6.751105326556401e-05
0.9818021916623468,0.0015978659905126753,0.007284943693403251,0.009237089865478202,7.790878825933636e-05
0.9811772901127719,0.001423834544831298,0.0068717227659414,0.010439105574889737,8.804700156598922e-05
0.9803260138945175,0.0015631934906701055,0.006440242634460783,0.011572939831270068,9.761014908192433e-05
0.9791830885696352,0.0019245220702172796,0.0061502366741101825,0.012635579865956096,0.00010657282008154892
0.9778259884926168,0.002319361112126981,0.006089149578619172,0.013650368917184276,0.00011513189945301892
0.9764251717839126,0.0025604972647676316,0.006235646387713588,0.01465507859765644,0.0001236059659499306
0.9751357237140686,0.0025696967022278507,0.0064783354249017605,0.015683960251629183,0.00013228390717283202
0.9740263159062068,0.0023942561589757896,0.006685242747440573,0.016752885596737974,0.00014129959063915364
0.9730617338528894,0.00216171013280533,0.006770002144110586,0.017855950650065667,0.00015060322012934178
0.9721536574168484,0.00198893150244364,0.006724385270417784,0.018973001003843915,0.00016002480644656235
0.9712168147462897,0.0019313084217805554,0.006599969349186005,0.020082524573462848,0.0001693829092812271
0.9701972533486906,0.0019852156084894544,0.006467443660116309,0.021171519516078537,0.00017856786662551096
0.9690856770499393,0.0021041841029960043,0.0063839227346815155,0.02223864771999773,0.0001875683923858395
0.9679150629286282,0.002222706172809093,0.006373783242484636,0.023291994971220177,0.00019645268485827126
0.9667384790070547,0.0022879370079780864,0.006424591912200094,0.024343669206230142,0.0002053228665373957
0.9656001351835417,0.0022823123275019595,0.0064995618602649765,0.02540372687174316,0.00021426375694854084
0.964516615198051,0.0022246761492416625,0.006559245093483366,0.026476154578686878,0.0002233089805374096
0.9634760573419625,0.0021528959307092555,0.006580179444924344,0.027558430019111634,0.0002324372632925073
0.9624510639212778,0.002101441386039334,0.006561740385472269,0.02864415962752415,0.00024159467968669368
0.9614144592938212,0.0020873253204762863,0.0065206421595192295,0.029726846791127075,0.0002507264350564759
0.9603504191135288,0.0021077028405305175,0.006479324303098036,0.03080275274744775,0.0002598009953951402
0.9592585312128559,0.002145739320938182,0.006455070153696975,0.03187184125745893,0.00026881805505028496
0.9581507150964401,0.0021806857768848107,0.006453869932842171,0.03293692783281893,0.0002778013610141799
0.9570433269792126,0.0021977310056699247,0.006470342646709079,0.03400181637173789,0.0002867829966707186
0.9559488680423,0.002193324439747617,0.006492597052653706,0.035069422908444885,0.00029578755685405537
0.9548713021190668,0.0021742281431070187,0.006508945227941377,0.03614070142213274,0.0003048230877523318
0.9538063676899008,0.0021520485007195116,0.006513025054775674,0.03721467738474307,0.00031388136986121686
0.9527454586722656,0.002136933267994941,0.006505336211229547,0.03828932651878106,0.000322945329729113
0.9516803848817267,0.0021335404245363095,0.006491369110813515,0.039362706993633936,0.00033199858928974077
0.9506067737115077,0.002140381382487162,0.006478029597784891,0.040433782896918166,0.0003410324113022896
0.9495250584492648,0.0021519059534864287,0.0064703301475370475,0.041502657780552676,0.0003500476691592069
0.9484391885284585,0.0021618228975495315,0.0064696741071479935,0.04257026225489629,0.00035905221194786264
0.9473541015452265,0.0021659984320068605,0.006474085698444226,0.04363775848257571,0.0003680558417469769
0.94627333656565,0.002163764195579818,0.00647985100494069,0.044705982622819,0.0003770656110106451
0.9451978204922549,0.002157398171185032,0.006483539894266843,0.04577515803863422,0.0003860834036591876
0.9441260902728693,0.0021504293049780503,0.006483431970952476,0.04684494212118825,0.00039510633001204226
0.9430555003787726,0.0021458045465857344,0.006479857572074766,0.0479147083963954,0.0004041291061716178
0.941983646191544,0.002144756460521484,0.0064745655441874935,0.04898388489578774,0.00041314690795942187
0.9409093409219993,0.002146683499805426,0.006469630022608305,0.05005218821057868,0.00042215734500841614
0.9398328380683573,0.002149844603544771,0.0064664792503325175,0.05111967716430905,0.000431160913456546
0.9387553820086766,0.0021523783614530523,0.006465433292176658,0.052186646240613914,0.0004401600970799254
0.9376784363250625,0.0021531348643406114,0.006465828251695758,0.05325344273382306,0.0004491578250782046
0.9366029995380095,0.0021520042192233312,0.006466535744685987,0.05432030439535286,0.0004581561027284812
0.9355292853298612,0.002149716317759903,0.006466560194179777,0.05538728279322605,0.00046715536497316917
0.9344568189020096,0.002147324586731534,0.006465436624749832,0.05645426522526571,0.0004761546612434027
0.9333848068544432,0.002145674340932162,0.0064633041423957675,0.05752106226834944,0.0004851523938795129
0.9323125546625425,0.0021450893623668984,0.006460701364435046,0.05858750745184474,0.0004941471588110137
0.9312397410993081,0.002145358244417834,0.0064582391777545396,0.059653523176976524,0.0005031383015431858
0.9301664666111664,0.002145953610350516,0.006456321119444917,0.060719132641306024,0.0005121260177322275
0.9290931091641499,0.002146334252191806,0.006455019893020536,0.06178442562601444,0.000521111064623455
0.9280200955346583,0.002146180755587484,0.006454125500750264,0.06284950390836283,0.0005300943006412419
0.9269477066591417,0.002145479253310282,0.006453303179598335,0.06391443461598663,0.0005390762919631194
0.9258759925755434,0.002144453710253461,0.006452266934694809,0.06497922964062035,0.0005480571388880604
0.9248048069851136,0.0021434124455565777,0.006450890340779446,0.06604385368484499,0.0005570365437055106
0.9237339175232914,0.0021425956846005383,0.006449222168271542,0.0671082505910736,0.0005660140327630954
0.9226631260680925,0.00214208929749914,0.006447423185289495,0.0681723722488384,0.0005749892002806066
0.9215923451908403,0.00214182552600181,0.006445670344533437,0.06923619707441117,0.0005839618642134679
0.9205216087564669,0.002141649197374269,0.006444077276123516,0.07029973268125919,0.0005929320887762769
0.9194510281579154,0.002141405197238687,0.006442661116707665,0.07136300543181957,0.0006019000963188822
0.9183807261027851,0.0021410046537495976,0.006441358594349493,0.07242604451607634,0.0006108661330396336
0.9173107817028973,0.0021404467267626672,0.006440072529112823,0.073488868684144,0.0006198303570834366
0.9162412075559677,0.002139797510310895,0.006438721490920859,0.07455148065144762,0.0006287927913531186
0.9151719607735214,0.002139145537601798,0.0064372706459995006,0.07561386969744956,0.0006377533454279835
0.9141029749338833,0.0021385586084390366,0.006435735223228133,0.07667601935403948,0.0006467118804103329
0.9130341942162898,0.0021380600218129635,0.006434161817429351,0.07773791566587211,0.000655668278595992
0.9119655946560062,0.002137629571190104,0.006432600919930734,0.07879955236574795,0.0006646224871252478
0.9108971866480131,0.0021372227935882197,0.006431084517456978,0.07986093151753652,0.0006735745234054848
0.9098290022469483,0.0021367957978589832,0.006429617042917226,0.08092206046291693,0.0006825244493589458
0.9087610764005483,0.0021363237453295722,0.006428180246047315,0.08198294727499827,0.0006914723330770056
0.9076934315793829,0.002135806693830165,0.006426746493938545,0.08304359701559608,0.0007004182172527548
0.9066260714865292,0.002135263439768777,0.006425292780483037,0.08410401018709594,0.0007093621061234859
0.9055589842700842,0.00213471893632938,0.006423809325801552,0.08516418349587565,0.0007183039719096581
0.9044921515251055,0.0021341922131433736,0.006422300453897247,0.08622411203463291,0.0007272437732213986
0.9034255578387754,0.002133689792901839,0.00642077928411088,0.08728379160952596,0.0007361814746864057
0.9023591967055739,0.0021332060296524995,0.006419260014179784,0.08834322019140425,0.0007451170591901267
0.9012930712130792,0.0021327285073208836,0.006417751656479969,0.08940239809374392,0.0007540505293765268
0.900227190508751,0.0021322449579887137,0.006416255515765947,0.09046132711706312,0.0007629819004317948
0.8991615645897518,0.002131748397993476,0.006414766545732815,0.0915200092771645,0.0007719111893579024
0.8980962000323991,0.002131238756349481,0.006413277047907495,0.09257844575721041,0.0007808384061340472
0.8970310982277996,0.0021307211827742076,0.006411780569285827,0.09363663647011515,0.0007897635500257185
0.8959662562411362,0.002130202578050479,0.006410274305448513,0.09469458026404731,0.0007986866113179746
0.8949016692764538,0.0021296882537076927,0.006408759368999666,0.09575227552444632,0.0008076075763930571
0.8938373333075709,0.00212918009573671,0.006407239343180043,0.09680972082033126,0.0008165264331815817
0.8927732467270294,0.0021286766284098002,0.006405718158004432,0.09786691531195597,0.0008254431746008405
0.8917094105665828,0.0021281744746515134,0.006404198351702046,0.0989238588080267,0.0008343577990373967
0.8906458275556137,0.0021276702482948455,0.00640268035162418,0.09998055153605755,0.000843270308410182
0.8895825007050465,0.0021271619747146708,0.006401162820930936,0.10103699379407553,0.000852180705232859
0.8885194321302116,0.0021266495621923287,0.0063996436579088715,0.10209318565952914,0.0008610889901586546
0.8874566225457625,0.0021261343655452547,0.006398121064692815,0.10314912686308411,0.0008699951609159111
0.8863940714744849,0.002125618254050241,0.006396594219976097,0.10420481683875843,0.0008788992127309418
0.8853317779021107,0.0021251026993993625,0.006395063373749028,0.10526025488505449,0.0008878011396870753
0.8842697409913675,0.002124588260442963,0.006393529470251652,0.10631544034172308,0.0008967009362155426
0.8832079605418147,0.0021240745797742526,0.00639199357603551,0.1073703727043146,0.0009055985980616428
0.8821464370679195,0.002123560763782334,0.006390456401483461,0.10842505164436046,0.0009144941224549589
0.8810851715597718,0.0021230458900388183,0.0063889180919711255,0.10947947695060524,0.00092338750761369
0.880024165106962,0.0021225293978292515,0.00638737830747064,0.11053364843578048,0.0009322787519583499
0.878963418577229,0.0021220112286476174,0.006385836484174714,0.11158756585651314,0.0009411678534362465
0.877902932469756,0.0021214917217968554,0.006384292122835885,0.11264122887640196,0.0009500548092100563
0.8768427069595881,0.002120971371066326,0.006382744976928778,0.11369463707666988,0.0009589396157476696
0.8757827420658544,0.002120450579266865,0.006381195087842467,0.11474778999786313,0.0009678222691738954
0.8747230378422027,0.0021199295132851015,0.006379642691484645,0.11580068718735713,0.0009767027656711429
0.8736635945046723,0.002119408094172913,0.006378088067953247,0.1168533282314521,0.0009855811017501256
0.8726044124599884,0.002118886091770367,0.006376531411266182,0.11790571276266439,0.0009944572743113605
0.8715454922481216,0.0021183632577519646,0.006374972768078434,0.11895784044552331,0.0010033312805253726
0.8704868344449648,0.0021178394320328494,0.006373412053119231,0.12000971095225625,0.001012203117627615
0.8694284395756983,0.0021173145852829054,0.006371849115263726,0.12106132394102093,0.0010210727827348726
0.8683703080719413,0.002116788796398438,0.006370283813867923,0.12211267904503945,0.0010299402727536146
0.8673124402791079,0.002116262191032548,0.006368716071137969,0.12316377587432766,0.0010388055843945808
0.8662548364979592,0.0021157348766650307,0.006367145885050811,0.12421461402606541,0.0010476687142602478
0.865197497034349,0.002115206901942707,0.006365573307659914,0.1252651930970988,0.0010565296589502768
0.8641404222345206,0.002114678250799746,0.0063639984066808895,0.12631551269286267,0.0010653884151367702
0.8630836124951508,0.0021141488647697564,0.0063624212305291175,0.12736557242996502,0.0010742449795860679
0.8620270682505636,0.002113618676971996,0.006360841790330873,0.12841537193300231,0.0010830993491318876
0.8609707899483168,0.0021130876407328353,0.006359260061920733,0.12946491082840691,0.0010919515206234314
0.8599147780262312,0.0021125557424520386,0.00635767600181739,0.13051418873862383,0.001100801490876271
0.8588590328999339,0.0021120229975232765,0.006356089566974345,0.1315632052789237,0.001109649256645467
0.8578035549632901,0.0021114894354055305,0.00635450072920451,0.13261196005747447,0.0011184948146261728
0.8567483445981809,0.002110955082811907,0.006352909479740388,0.13366045267779322,0.0011273381614743158
0.8556934021871768,0.0021104199524100697,0.006351315824629873,0.1347086827419504,0.0011361792938336212
0.8546387281231546,0.002109884040227268,0.006349719775248368,0.1357566498530143,0.0011450182083562312
0.8535843228127258,0.0021093473305424377,0.0063481213390921346,0.1368043536159303,0.0011538549017101184
0.8525301866737003,0.002108809804296707,0.006346520514549582,0.1378517936368805,0.0011626893705736882
0.8514763201291934,0.002108271446655233,0.00634491729074784,0.13889896952178118,0.001171521611623103
0.8504227236016704,0.0021077322508506737,0.006343311651205772,0.13994588087475457,0.0011803516215193937
0.849369397509379,0.002107192217716739,0.006341703578800895,0.14099252729720352,0.0011891793969006552
0.8483163422659985,0.002106651352238853,0.006340093059676619,0.14203890838770566,0.001198004934381153
0.8472635582828009,0.002106109659317063,0.006338480084774688,0.1430850237425523,0.0012068282305558698
0.8462110459717822,0.002105567140677173,0.006336864648994084,0.14413087295654012,0.0012156492820071813
0.8451588057482361,0.0021050237938846942,0.006335246748945464,0.14517645562362413,0.0012244680853103647
0.8441068380318727,0.002104479613305727,0.006333626380586193,0.14622177133720013,0.0012332846370359805
0.8430551432464184,0.0021039345921072226,0.006332003537729352,0.14726681968999686,0.001242098933748963
0.8420037218182647,0.002103388724207297,0.006330378211800947,0.1483116002737222,0.0012509109720056364
0.8409525741749716,0.0021028420053966603,0.006328750392612683,0.14935611267866936,0.0012597207483503927
0.8399017007442732,0.002102294433396743,0.006327120069566868,0.15040035649345046,0.0012685282593134454
0.838851101953857,0.002101746007114454,0.006325487232689893,0.151444331304929,0.0012773335014102593
0.8378007782318042,0.0021011967256100625,0.006323851873121128,0.1524880366983228,0.0012861364711424194
0.8367507300073365,0.002100646587272767,0.006322213983004413,0.1535314722573878,0.0012949371649991796
0.835700957711491,0.0021000955894818667,0.006320573554985387,0.15457463756458353,0.0013037355794588608
0.8346514617774716,0.002099543728760345,0.0063189305816230435,0.15561753220115612,0.0013125317109895487
0.8336022426406252,0.002098991001226604,0.00631728505497599,0.1566601557471239,0.0013213255560489742
0.8325533007381566,0.002098437403081886,0.006315636966483412,0.15770250778119496,0.0013301171110838158
0.8315046365087704,0.0020978829309271406,0.006313986307109568,0.15874458788066473,0.0013389063725288385
0.8304562503924063,0.0020973275818275596,0.006312333067622666,0.1597863956213378,0.0013476933368062327
0.8294081428301533,0.0020967713531667943,0.006310677238859598,0.16082793057749556,0.0013564780003253408
0.8283603142643304,0.0020962142424062868,0.006309018811873748,0.16186919232190738,0.0013652603594827538
0.8273127651386615,0.002095656246872056,0.006307357777937866,0.16291018042586655,0.0013740404106626113
0.8262654958984504,0.0020950973636471165,0.00630569412843985,0.1639508944592263,0.0013828181502369083
0.82521850699069,0.0020945375895840227,0.006304027854742087,0.16499133399041888,0.0013915935745656537
0.8241717988640821,0.0020939769213998557,0.006302358948070471,0.16603149858645133,0.0014003666799968365
0.8231253719689888,0.002093415355793146,0.0063006873994693735,0.16707138781288297,0.0014091374628662347
0.8220792267573555,0.002092852889529897,0.006299013199822572,0.1681110012337954,0.001417905919497163
0.8210333636826477,0.0020922895194726695,0.006297336339913709,0.16915033841176613,0.0014266720462002495
0.8199877831998275,0.0020917252425565946,0.006295656810491235,0.1701893989078519,0.0014354358392732961
0.8189424857653694,0.0020911600557363417,0.006293974602310544,0.17122818228158296,0.0014441972950012298
0.8178974718373045,0.002090593955933107,0.006292289706142594,0.1722666880909642,0.001452956409656112
0.8168527418752685,0.002090026940002686,0.0062906021127545715,0.17330491589247773,0.0014617131794971605
0.8158082963405383,0.0020894590047315443,0.006288911812877827,0.17434286524108225,0.001470467600770744
0.8147641356960493,0.0020888901468546963,0.006287218797179169,0.1753805356902071,0.0014792196697103323
0.8137202604063944,0.0020883203630822442,0.006285523056245881,0.17641792679174165,0.0014879693825364066
0.8126766709378139,0.002087749650121592,0.006283824580586491,0.17745503809602223,0.0014967167354563487
0.8116333677581871,0.002087178004687663,0.006282123360642533,0.178491869151819,0.0015054617246643316
0.8105903513370306,0.002086605423500327,0.006280419386803453,0.179528419506325,0.0015142043463412258
0.8095476221455072,0.002086031903273536,0.006278712649417745,0.18056468870514758,0.0015229445966545273
0.8085051806564413,0.002085457440702718,0.006277003138796812,0.1816006762923015,0.0015316824717583003
0.8074630273443368,0.0020848820324558467,0.006275290845211872,0.18263638181020297,0.001540417967793126
0.8064211626853941,0.0020843056751706475,0.006273575758886917,0.18367180479966294,0.0015491510808860458
0.8053795871575221,0.0020837283654572773,0.006271857869991449,0.18470694479987929,0.0015578818071504967
0.8043383012403469,0.0020831500999038592,0.00627013716863576,0.18574180134842788,0.0015666101426862348
0.8032973054152169,0.002082570875081833,0.006268413644869771,0.18677637398125277,0.0015753360835792528
0.8022566001652088,0.0020819906875490053,0.006266687288684732,0.18781066223265627,0.0015840596259016964
0.8012161859751337,0.0020814095338496973,0.006264958090016167,0.18884466563528926,0.0015927807657117826
0.8001760633315458,0.00208082741051269,0.006263226038746409,0.18987838372014193,0.001601499499053722
0.7991362327227538,0.002080244314048317,0.006261491124705675,0.1909118160165351,0.001610215821957644
0.7980966946388319,0.00207966024094605,0.006259753337671515,0.19194496205211153,0.001618929730439526
0.7970574495716316,0.0020790751876733245,0.006258012667367147,0.19297782135282734,0.0016276412205011189
0.7960184980147926,0.00207848915067565,0.006256269103459478,0.19401039344294294,0.0016363502881298715
0.7949798404637529,0.002077902126377556,0.006254522635557508,0.19504267784501375,0.0016450569292988525
0.793941477415758,0.002077314111183702,0.006252773253211479,0.19607467407988075,0.00165376113996667
0.7929034093698702,0.0020767251014796157,0.0062510209459127174,0.19710638166666064,0.0016624629160773895
0.7918656368269782,0.0020761350936318234,0.006249265703093866,0.19813780012273624,0.0016711622535604514
0.7908281602898067,0.002075544083987421,0.00624750751412915,0.19916892896374672,0.0016798591483305903
0.789790980262927,0.002074952068873366,0.006245746368334388,0.20019976770357803,0.0016885535962877533
0.7887540972527679,0.0020743590445957737,0.0062439822549666315,0.2012303158543532,0.0016972455933170186
0.7877175117676264,0.00207376500743944,0.006242215163223529,0.2022605729264227,0.001705935135288514
0.7866812243176785,0.0020731699536676376,0.006240445082242548,0.20329053842835457,0.0017146222180573333
0.7856452354149902,0.0020725738795221394,0.006238672001100226,0.2043202118669246,0.0017233068374634542
0.7846095455735279,0.0020719767812233227,0.00623689590881156,0.20534959274710612,0.001731988989331652
0.7835741553091693,0.002071378654970228,0.006235116794329552,0.20637868057206002,0.0017406686694714148
0.7825390651397139,0.0020707794969405113,0.006233334646544848,0.20740747484312438,0.0017493458736768568
0.781504275584894,0.002070179303290256,0.006231549454285429,0.2084359750598043,0.0017580205977266318
0.7804697871663854,0.00206957807015371,0.006229761206316247,0.2094641807197614,0.0017666928373838457
0.7794356004078192,0.002068975793642994,0.006227969891338799,0.21049209131880356,0.001775362588395969
0.7784017158347929,0.002068372469847839,0.0062261754979906145,0.21151970635087447,0.0017840298464947488
0.7773681339748815,0.0020677680948353906,0.006224378014844713,0.21254702530804293,0.0017926946073961191
0.7763348553576491,0.002067162664650053,0.006222577430409038,0.2135740476804923,0.0018013568668001113
0.7753018805146608,0.0020665561753133587,0.006220773733125921,0.21460077295650978,0.001810016620390764
0.7742692099794936,0.0020659486228238482,0.006218966911371557,0.21562720062247556,0.001818673863836031
0.7732368442877485,0.0020653400031569206,0.006217156953455515,0.21665333016285188,0.0018273285927876896
0.7722047839770623,0.0020647303122646628,0.006215343847620255,0.21767916106017204,0.0018359808028812485
0.771173029587119,0.0020641195460756523,0.00621352758204064,0.21870469279502938,0.0018446304897358533
0.7701415816596621,0.0020635077004947473,0.00621170814482342,0.2197299248460661,0.0018532776489541933
0.7691104407385065,0.0020628947714028826,0.0062098855240067165,0.22075485668996198,0.001861922276122406
0.7680796073695512,0.0020622807546568666,0.006208059707559473,0.2217794878014231,0.001870564366809982
0.7670490821007904,0.002061665646089194,0.006206230683380907,0.2228038176531704,0.001879203916569669
0.7660188654823271,0.0020610494415078595,0.006204398439299949,0.22382784571592823,0.001887840920937374
0.7649889580663849,0.0020604321366961787,0.006202562963074695,0.22485157145841272,0.0018964753754320666
0.7639593604073204,0.002059813727412593,0.006200724242391847,0.22587499434732006,0.0019051072755556788
0.7629300730616362,0.002059194209390486,0.00619888226486616,0.2268981138473147,0.0019137366167930074
0.7619010965879934,0.0020585735783379775,0.006197037018039881,0.22792092942101763,0.0019223633946116128
0.7608724315472247,0.0020579518299377176,0.006195188489382184,0.2289434405289942,0.0019309876044617182
0.7598440785023469,0.0020573289598466845,0.006193336666288593,0.22996564662974225,0.0019396092417761084
0.7588160380185743,0.0020567049636959706,0.006191481536080399,0.23098754717967987,0.0019482283019700267
0.7577883106633317,0.002056079837090571,0.006189623086004074,0.23200914163313313,0.0019568447804410717
0.7567608970062678,0.002055453575609184,0.0061877613032306645,0.2330304294423238,0.001965458672569094
0.7557337976192684,0.0020548261748039908,0.006185896174855201,0.23405141005735686,0.00197406997371609
0.7547070130764699,0.0020541976302004524,0.006184027687896082,0.23507208292620796,0.001982678679226097
0.7536805439542731,0.0020535679372970907,0.006182155829294466,0.2360924474947108,0.001991284784425086
0.7526543908313563,0.002052937091565271,0.006180280585913658,0.2371125032065444,0.0019998882846208542
0.75162855428869,0.0020523050884489807,0.006178401944538476,0.23813224950322015,0.0020084891751029174
0.7506030349095499,0.0020516719233646084,0.006176519891874635,0.239151685824069,0.0020170874511424002
0.7495778332795315,0.002051037591700712,0.006174634414548099,0.24017081160622833,0.0020256831079919256
0.7485529499865641,0.002050402088817801,0.006172745499104439,0.24118962628462876,0.002034276140885505
0.7475283856209248,0.0020497654100480947,0.006170853132008186,0.242208129291981,0.0020428665450384254
0.7465041407752536,0.0020491275506953005,0.006168957299642171,0.24322632005876235,0.0020514543156471368
0.7454802160445669,0.002048488506034377,0.006167057988306862,0.24424419801320332,0.0020600394478891386
0.7444566120262728,0.002047848271311292,0.006165155184219691,0.24526176258127397,0.0020686219369228658
0.7434333293201856,0.002047206841742798,0.006163248873514383,0.24627901318667023,0.0020772017778875715
0.7424103685285408,0.002046564212516173,0.006161339042240269,0.2472959492508001,0.0020857789659032124
0.7413877302560099,0.0020459203787889894,0.006159425676361593,0.24831257019276973,0.00209435349607033
0.7403654151097155,0.0020452753356888596,0.006157508761756822,0.24932887542936938,0.0021029253634699333
0.7393434236992468,0.00204462907831319,0.006155588284217931,0.25034486437505926,0.002111494563163378
0.7383217566366744,0.0020439816017289265,0.006153664229449698,0.2513605364419552,0.002120061090192248
0.7373004145365666,0.002043332900972303,0.0061517365830689764,0.2523758910398144,0.0021286249395782325
0.7362793980160042,0.0020426829710485845,0.006149805330603976,0.2533909275760208,0.0021371861063230035
0.7352587076945967,0.0020420318069318045,0.006147870457493522,0.25440564545557043,0.002145744585408094
0.7342383441944981,0.002041379403564506,0.006145931949086314,0.25542004408105684,0.0021543003717947725
0.7332183081404229,0.0020407257558574714,0.00614398979064018,0.2564341228526561,0.0021628534604239175
0.7321986001596622,0.0020400708586894595,0.006142043967321311,0.25744788116811174,0.0021714038462158918
0.7311792208821,0.002039414706906933,0.006140094464203503,0.25846131842271974,0.002179951524070414
0.7301601709402297,0.002038757295323781,0.006138141266267376,0.2594744340093133,0.0021884964888664307
0.7291414509691705,0.002038098618721046,0.006136184358399595,0.2604872273182474,0.002197038735461986
0.7281230616066844,0.0020374386718466438,0.006134223725392079,0.26149969773738335,0.0022055782586940923
0.7271050034931926,0.0020367774494150833,0.006132259351941204,0.26251184465207306,0.0022141150533785963
0.726087277271793,0.002036114946107171,0.006130291222646995,0.26352366744514333,0.0022226491143100477
0.7250698835882768,0.0020354511565697335,0.006128319322012309,0.2645351654968801,0.0022311804362615648
0.7240528230911464,0.00203478607541532,0.006126343634442011,0.26554633818501217,0.0022397090139846987
0.7230360964316321,0.0020341196972219065,0.006124364144242141,0.2665571848846951,0.002248234842209297
0.7220197042637105,0.0020334520165326032,0.006122380835619071,0.267567704968495,0.0022567579156433674
0.7210036472441215,0.002032783027855348,0.006120393692678657,0.26857789780637215,0.0022652782289729373
0.7199879260323866,0.002032112725662601,0.006118402699425375,0.2695877627656641,0.002273795776861915
0.7189725412908269,0.002031441104391043,0.006116407839761454,0.2705972992110693,0.0022823105539519486
0.7179574936845812,0.002030768158441257,0.0061144090974860005,0.2716065065046299,0.0022908225548622834
0.7169427838816244,0.0020300938821774138,0.006112406456294105,0.2726153840057151,0.002299331774189618
0.715928412552786,0.0020294182699269582,0.006110399899775942,0.27362393107100363,0.002307838206507961
0.7149143803717692,0.002028741315980286,0.006108389411415869,0.27463214705446665,0.002316341846368482
0.7139006880151689,0.002028063014590418,0.006106374974591507,0.27564003130735026,0.0023248426882993695
0.7128873361624914,0.00202738335997267,0.00610435657257281,0.27664758317815785,0.002333340726805676
0.7118743254961735,0.0020267023463043246,0.0061023341885211345,0.2776548020126324,0.002341835956369173
0.7108616567016013,0.0020260199677242874,0.006100307805488285,0.27866168715373835,0.002350328371448198
0.7098493304671307,0.0020253362183327564,0.006098277406415557,0.2796682379416439,0.0023588179664775027
0.7088373474841062,0.002024651092190871,0.006096242974132773,0.2806744537137025,0.0023673047358680976
0.7078257084468813,0.002023964583320369,0.006094204491357299,0.28168033380443436,0.002375788674007099
0.7068144140528383,0.002023276685703232,0.006092161940693058,0.28268587754550834,0.0023842697752575713
0.7058034650024085,0.002022587393281334,0.006090115304629521,0.2836910842657227,0.002392748033958369
0.7047928619990931,0.0020218966999560792,0.006088064565540708,0.28469595329098657,0.0024012234444239786
0.703782605749483,0.0020212045995880415,0.006086009705684153,0.2857004839443008,0.002409696000944356
0.7027726969632805,0.0020205110859965935,0.006083950707199878,0.2867046755457387,0.0024181656977847665
0.7017631363533192,0.002019816152959537,0.006081887552109342,0.2877085274124267,0.0024266325291856196
0.7007539246355863,0.002019119794212729,0.006079820222314384,0.28871203885852476,0.002435096489362305
0.699745062529243,0.0020184220034497003,0.0060777486995961544,0.2897152091952066,0.002443557572505026
0.6987365507566465,0.0020177227743212673,0.006075672965614036,0.29071803773064,0.0024520157727786307
0.6977283900433721,0.0020170221004351526,0.006073593001904541,0.29172052376996627,0.0024604710843224437
0.6967205811182341,0.0020163199753555835,0.006071508789880218,0.2927226666152805,0.002468923501250094
0.695713124713309,0.0020156163926028994,0.006069420310828523,0.29372446556561077,0.002477373017649344
0.6947060215639573,0.002014911345653148,0.006067327545910698,0.29472591991689745,0.0024858196275819137
0.6936992724088462,0.0020142048279376784,0.006065230476160615,0.2957270289619727,0.0024942633250833062
0.6926928779899724,0.002013496832842729,0.006063129082483629,0.2967277919905392,0.0025027041041626296
0.6916868390526847,0.002012787353709013,0.006061023345655405,0.29772820828914903,0.002511141958802419
0.6906811563457079,0.002012076383831298,0.006058913246320732,0.29872827714118216,0.0025195768829584563
0.6896758306211656,0.002011363916457981,0.00605679876499233,0.2997279978268251,0.0025280088705595858
0.6886708626346039,0.002010649944790653,0.0060546798820496385,0.3007273696230488,0.0025364379155075334
0.6876662531450155,0.002009934461983668,0.006052556577737588,0.301726391803587,0.002544864011676719
0.6866620029148637,0.0020092174611436977,0.006050428832165369,0.3027250636389137,0.0025532871529140703
0.6856581127101062,0.002008498935329293,0.006048296625305169,0.303723384396221,0.002561707333038834
0.6846545833002204,0.0020077788775504255,0.0060461599369909125,0.3047213533393963,0.0025701245458423835
0.6836514154582276,0.0020070572807680343,0.00604401874691698,0.3057189697289998,0.0025785387850880293
0.6826486099607181,0.002006334137893564,0.006041873034636902,0.3067162328222411,0.0025869500445108223
0.6816461675878763,0.0020056094417884966,0.00603972277956206,0.3077131418729562,0.0025953583178173587
0.6806440891235067,0.0020048831852638805,0.006037567960960344,0.3087096961315839,0.0026037635986855827
0.6796423753550588,0.002004155361079849,0.0060354085579548255,0.3097058948451423,0.002612165880764586
0.6786410270736536,0.0020034259619451395,0.006033244549522383,0.31070173725720485,0.0026205651576744066
0.6776400450741096,0.002002694980516603,0.0060310759144923416,0.311697222607876,0.0026289614230058252
0.6766394301549692,0.0020019624093987045,0.0060289026315450715,0.3126923501337673,0.0026373546703201602
0.6756391831185256,0.0020012282411430273,0.006026724679210588,0.3136871190679722,0.0026457448931490606
0.6746393047708493,0.002000492468247762,0.006024542035867119,0.31468152864004195,0.0026541320849942955
0.673639795921816,0.0019997550831571927,0.006022354679739677,0.31567557807596003,0.002662516239327544
0.6726406573851335,0.0019990160782611785,0.006020162588898589,0.31666926659811706,0.0026708973495901817
0.6716418899783694,0.001998275445894626,0.0060179657412580264,0.3176625934252853,0.0026792754091930653
0.6706434945229798,0.0019975331783369564,0.006015764114574515,0.31865555777259286,0.002687650411516316
0.6696454718443366,0.001996789267811571,0.006013557686445415,0.31964815885149767,0.002696022349909099
0.6686478227717572,0.001996043706485301,0.006011346434307405,0.3206403958697612,0.002704391217689402
0.667650548138532,0.0019952964864678527,0.006009130335434923,0.3216322680314219,0.0027127570081438134
0.6666536487819547,0.0019945475998112572,0.006006909366938607,0.32262377453676866,0.002721119714527294
0.665657125543351,0.0019937970385092954,0.006004683505763709,0.3236149145823135,0.00272947933006295
0.6646609792681087,0.001993044794496931,0.00600245272868849,0.3246056873607645,0.0027378358479418045
0.6636652108057075,0.0019922908596497297,0.0060002170123225965,0.3255960920609981,0.0027461892613225626
0.6626698210097491,0.0019915352257832714,0.005997976333105417,0.3265861278680313,0.0027545395633313784
0.6616748107379882,0.001990777884652557,0.00599573066730442,0.3275757939629937,0.0027628867470616165
0.660680180852363,0.0019900188279514033,0.005993479991013471,0.32856508952309893,0.002771230805573615
0.6596859322190268,0.0019892580473118396,0.005991224280151123,0.32955401372161613,0.0027795717318944424
0.6586920657083792,0.001988495534303489,0.005988963510458897,0.3305425657278411,0.0027879095190176525
0.657698582195098,0.0019877312804329403,0.005986697657499535,0.3315307447070668,0.002796244159903041
0.6567054825581714,0.001986965277143121,0.0059844266966552285,0.33251854982055423,0.0028045756474763947
0.6557127676809303,0.001986197515812655,0.005982150603125832,0.3335059802255023,0.00281290397462924
0.6547204384510814,0.0019854279877552132,0.005979869351927047,0.3344930350750181,0.00282122913421859
0.6537284957607401,0.00198465668421886,0.005977582917888592,0.3354797135180861,0.0028295511190666884
0.6527369405064641,0.0019838835963853873,0.005975291275652343,0.3364660146995377,0.00283786992196075
