S,E,I,R,D
0.9999999,1e-07,0.0,0.0,0.0
0.9999999,5e-08,5e-08,0.0,0.0
0.9999998750000025,4.999999749305555e-08,6.668041666666666e-08,8.25e-09,6.958333333333333e-11
0.9999998416597984,5.834020289586406e-08,8.058534975e-08,1.9252268749999998e-08,1.6238024652777777e-10
0.99999980136713,6.946276991390837e-08,9.634672054411329e-08,3.254885145875e-08,2.7452819159652774e-10
0.9999997531937793,8.290473561051155e-08,1.1504681409186489e-07,4.844606034852869e-08,4.0861071102041875e-10
0.9999996956703866,9.897576056945726e-08,1.373563507556851e-07,6.74287846736864e-08,5.687175272982641e-10
0.9999996269922322,1.181660346177981e-07,1.63989278910924e-07,9.009258254837443e-08,7.598717820999258e-10
0.9999995449976236,1.410776259347193e-07,1.9578584678636959e-07,1.1715081356867689e-07,9.880901952509618e-10
0.9999994471047451,1.6843169140209395e-07,2.337475263972006e-07,1.4945547828842787e-07,1.2605588320286596e-09
0.9999993302310473,2.0108954357117215e-07,2.7906973160180675e-07,1.8802382014396595e-07,1.5858574729314305e-09
0.9999991906962761,2.4007954292292895e-07,3.3317962562994887e-07,2.3407032585826407e-07,1.9742295160772784e-09
0.9999990241066001,2.866294473999167e-07,3.9778108388347015e-07,2.890449640872056e-07,2.437904495078957e-09
0.9999988252162558,3.4220506804901763e-07,4.7490835006758476e-07,3.5467884292797815e-07,2.99148317015012e-09
0.9999985877623657,4.0855642415045624e-07,5.669900922104315e-07,4.3303872068912963e-07,3.652397290660842e-09
0.9999983042677301,4.877728476917126e-07,6.769258778592789e-07,5.265920859038508e-07,4.4414585023203595e-09
0.9999979658053824,5.823487716003966e-07,8.081774766783334e-07,6.382848557506318e-07,5.3835136823411896e-09
0.9999975617174953,6.95262272818635e-07,9.648778651715626e-07,7.716341394025569e-07,6.508227337385204e-09
0.999997079279789,8.300688427677632e-07,1.1519613654652086e-06,9.308389871558647e-07,7.851015699748961e-09
0.9999965033008734,9.910133369122143e-07,1.3753190153137252e-06,1.120912612457624e-06,9.45416193335471e-09
0.9999958156439148,1.1831636270518162e-06,1.6419840606134228e-06,1.3478402499843887e-06,1.1368147562999644e-08
0.9999949946555657,1.4125701625678153e-06,1.9603534096537627e-06,1.6187676199856033e-06,1.3653242047353325e-08
0.9999940144841856,1.6864564614571757e-06,2.340452019849698e-06,1.9422259325784742e-06,1.638140054245481e-08
0.9999928442658923,2.013446524011252e-06,2.7942485382421286e-06,2.3284005158536744e-06,1.9638529603412306e-08
0.9999914471528327,2.403836321630891e-06,3.3360321288887497e-06,2.7894515246636254e-06,2.3527192152465935e-08
0.9999897791530972,2.8699178963785546e-06,3.982862343724848e-06,3.339896825930269e-06,2.8169836865169445e-08
0.9999877877457894,3.4263662559299795e-06,4.755106188437842e-06,3.997069112644869e-06,3.3712653626853195e-08
0.9999854102277036,4.090701213773978e-06,5.677079272531678e-06,4.781661633737113e-06,4.0330176405762525e-08
0.9999825717396457,4.8838386648079e-06,6.777811197463333e-06,5.7183797137048396e-06,4.823077839336911e-08
0.9999791829104073,5.830748570796171e-06,8.091959228369364e-06,6.8367185612862895e-06,5.7663232309838914e-08
0.9999751370444545,6.961240238228179e-06,9.660898931160357e-06,8.171891833967235e-06,6.892454223598627e-08
0.9999703067651797,8.310899393854858e-06,1.1534025975620457e-05,9.765940157608693e-06,8.236929324851776e-08
0.9999645400086746,9.922206201991995e-06,1.377030986708777e-05,1.1669054443586068e-05,9.842081273125623e-08
0.9999576552429441,1.1845868831544616e-05,1.644014815878259e-05,1.394115557165555e-05,1.1758449396295338e-07
0.9999494357637805,1.4142413579427647e-05,1.9627578922168132e-05,1.6653780017854677e-05,1.4046370015059248e-07
0.9999396228905828,1.688407998742191e-05,2.3432920142390865e-05,1.989233054001242e-05,1.6777874748394313e-07
0.9999279078526674,2.015707790916152e-05,2.7975917498742497e-05,2.3758762363506913e-05,2.0038956134877043e-07
0.999913922118558,2.406427306394549e-05,3.3399496914178326e-05,2.8374788750799425e-05,2.3932271320118705e-07
0.9998972258770352,2.8728378054749524e-05,3.9874235488772753e-05,3.388570574163885e-05,2.8580367974008523e-07
0.9998772943294503,3.429573661231715e-05,4.760368401611147e-05,4.046495459728635e-05,3.412953241286273e-07
0.9998535013988871,4.0940798869308986e-05,5.6830695999355896e-05,4.831956245994474e-05,4.075437843843824e-07
0.9998251004056388,4.887139268300672e-05,6.78449412088509e-05,5.769662729983846e-05,4.866331696501527e-07
0.9997912012053775,5.8334896602817165e-05,8.099180470771154e-05,6.889104259929886e-05,5.810507128324702e-07
0.9997507432464035,6.962540727543812e-05,9.668289163746282e-05,8.225469037607127e-05,6.937643077173688e-07
0.9997024639938221,8.309195621904917e-05,0.00011540836779747171,9.820736749625263e-05,8.283146652461712e-07
0.9996448622237999,9.91477481317002e-05,0.0001377513552418953,0.00011724974818283546,9.889246437643192e-07
0.9995761558657662,0.0001182802320995025,0.0001644045517234544,0.0001399787217977482,1.1806286131426235e-06
0.9994942344577449,0.00014106152407102036,0.00019618912040435387,0.00016710547283211815,1.409424947624431e-06
0.9993966070322022,0.00016815818757814172,0.00023407564771391629,0.00019947667769883653,1.6824548068538233e-06
0.9992803476078841,0.00020033851810717055,0.0002792065043537891,0.0002380991595716327,2.0082100832556904e-06
0.9991420427912895,0.00023847407564815727,0.0003329181278037735,0.00028416823279000787,2.39677246848138e-06
0.9989777498008232,0.00028353002829030694,0.0003967603634790359,0.0003390997238776305,2.8600835296749648e-06
0.9987829791422229,0.00033653567274540556,0.0004725077594776401,0.0004045651838516714,3.41224170218329e-06
0.9985527247246301,0.000398522253965527,0.0005621542422379259,0.000482528964165482,4.0698150007896725e-06
0.9982815752816813,0.0004704105699315424,0.0006678775879309839,0.0005752844141347398,4.8521463212374524e-06
0.9979639524466025,0.0005528281200444789,0.0007919536079116055,0.0006854842161433521,5.781609297774739e-06
0.9975945263735582,0.0006458401330665824,0.000936593187190753,0.000816156561448767,6.883744735451723e-06
0.9971688462038225,0.0007486002362689474,0.0011036719523187296,0.0009706944373352412,8.187170254292187e-06
0.9966841703073634,0.0008589760145935202,0.001294330254853636,0.0011528003094678316,9.723113721269086e-06
0.9961403749909831,0.0009732833236771482,0.0015084524938282083,0.0013663648015186816,1.1524389992607063e-05
0.9955406783415556,0.0010863383112660315,0.0017441002311312172,0.001615259463000336,1.3623653046517987e-05
0.9948918221307101,0.0011920253664784294,0.0019970656424725913,0.0019030360011369866,1.6050859201508932e-05
0.9942034403501292,0.0012843944638201734,0.002260783245018054,0.002232551832144964,1.883010888728329e-05
0.993486662504475,0.0013589750775642568,0.002526804984817512,0.002605581067572943,2.1976365569933413e-05
0.9927523921033667,0.0014137579398903742,0.0027858532308342133,0.0030225038900678325,2.5492835840471115e-05
0.992009864972839,0.0014494061004728922,0.0030291894386121777,0.0034821696731554778,2.936981492004873e-05
0.9912658924504328,0.001468675572642656,0.0032498606095088794,0.003981985930526487,3.358543688878401e-05
0.9905248157307998,0.0014754145059543999,0.003443448672579676,0.004518212931095452,3.810815957035053e-05
0.9897889262530198,0.001473596730757165,0.0036081947618452227,0.005086381962071099,4.2900292306357246e-05
0.9890590552414451,0.0014666693769532697,0.0037446195871424426,0.005681734097775561,4.792169668325851e-05
0.9883351260738988,0.0014572638560229093,0.0038548807814818018,0.006299596329654064,5.3132958942031744e-05
0.9876165788264718,0.0014471791754384804,0.003942092671461197,0.006935651658598561,5.8497668029593915e-05
0.986902655648379,0.001437512765812026,0.004009750889421557,0.0075860969493896585,6.398374699737741e-05
0.9861925719280462,0.0014288401032387257,0.004061318138918568,0.008247705846144215,6.95639836518224e-05
0.985485606666756,0.0014213853129095852,0.004099968696539706,0.008917823339065779,7.521598472848408e-05
0.9847811412870818,0.0014151580361290066,0.004128460728296096,0.00959431817399483,8.092177449783516e-05
0.9840786683892727,0.0014100519158736103,0.004149098285011532,0.010275514194163686,8.666721567804723e-05
0.9833777847577924,0.00140590958941715,0.00416374886414146,0.01096011541119059,9.244137745802162e-05
0.9826781774257078,0.0014025621267930578,0.004173890545764097,0.01164713397377393,9.823592796061849e-05
0.9819796078367107,0.001399850652393686,0.004180671004766694,0.012335825913825005,0.00010404459230347352
0.9812818967361807,0.001397636426726859,0.004184967514695399,0.013025636629611509,0.00010986269278510717
0.9805849109716039,0.0013958039779402068,0.004187442008342803,0.01371615626953625,0.0001156867725763916
0.9798885525612262,0.0013942603993478018,0.004188588542474734,0.014407084200912811,0.000121514296038002
0.9791927499616175,0.0013929327992825142,0.0041887725135853595,0.015098201310421142,0.000127343415092946
0.9784974512704363,0.00139176509082252,0.004188262073403626,0.015789348775162727,0.00013317279017435228
0.9778026190377423,0.0013907147781052215,0.004187252711984468,0.016480412017274324,0.00013900145489317232
0.9771082263646965,0.0013897500620984513,0.004185886143535463,0.01717130871475176,0.0001448287149173507
0.9764142540052608,0.001388847390484884,0.004184264602684917,0.017861979928435114,0.0001506540731337709
0.9757206882338308,0.0013879894666724243,0.004182461536912278,0.018552383587878123,0.00015647717470584072
0.9750275192888027,0.0013871636783643422,0.0041805295243524275,0.01924248974146865,0.000162297767011377
0.9743347402439626,0.0013863608840222676,0.004178506088428391,0.0199322771129868,0.00016811567059943412
0.9736423461945748,0.0013855744913989212,0.004176417938209111,0.020621730617577484,0.00017393075823916363
0.9729503336731125,0.001384799767161795,0.004174284042473394,0.021310839577381988,0.00017974293986983798
0.9722587002314611,0.0013840333252322127,0.004172117847087073,0.021999596444390097,0.00018555215182894678
0.9715674441431406,0.0013832727509366263,0.004169928867596616,0.022687995889159464,0.00019135834916614295
0.9708765641916559,0.0013825163269529104,0.0041677238289040824,0.023376034152312906,0.00019716150017354823
0.9701860595204191,0.0013817628347132724,0.004165507478282806,0.02406370858408208,0.0002029615825021064
0.9694959295265401,0.0013810114112357118,0.004163283163815503,0.024751017317998746,0.0002087585804093833
0.9688061737857898,0.0013802614463680723,0.004161053245000825,0.025437959040028303,0.00021455248281235988
0.9681167919996608,0.001379512509313029,0.004158819383660432,0.02612453282545344,0.0002203432819116527
0.96742778395806,0.001378764296257409,0.004156582749704048,0.026810738023757413,0.00022613097222058014
0.9667391495130435,0.0013780165931451534,0.0041543441664715795,0.027496574177458582,0.00023191554988058493
0.9660508885603402,0.0013772692492759336,0.004152104213278006,0.02818204096492639,0.00023769701217892455
0.9653630010263602,0.0013765221586179307,0.0041498632976949565,0.02886713816011726,0.00024347535720906977
0.9646754868590665,0.0013757752466026492,0.0041476217064616286,0.029551865604236928,0.00024925058363169523
0.9639883460215612,0.0013750284608065144,0.004145379641321959,0.030236223185803098,0.000255022690506521
0.9633015784875817,0.0013742817643828246,0.004143137244239587,0.030920210826621223,0.0002607916771740274
0.9626151842383365,0.0013735351314366753,0.004140894615133234,0.03160382847192075,0.0002665575431722608
0.9619291632602842,0.0013727885437705852,0.004138651824348527,0.032287076083417736,0.0002723202881783212
0.9612435155435736,0.001372041988595987,0.004136408921427428,0.032969953634435244,0.00027807991196720627
0.9605582410809469,0.001371295456924667,0.004134165941274242,0.03365246110647077,0.00028383641438285944
0.9598733398669708,0.001370548942438511,0.004131922908491386,0.03433459848678102,0.00028958979531779945
0.9591888118974945,0.0013698024406955064,0.004129679840428579,0.0350163657666821,0.0002953400546987833
0.9585046571692702,0.0013690559485720242,0.0041274367493276875,0.03569776294035282,0.0003010871924767131
0.9578208756796852,0.0013683094638710838,0.004125193643831817,0.036378790003991884,0.00030683120861952745
0.9571374674265736,0.0013675629850471798,0.004122950530047444,0.03705944695522413,0.0003125721031071934
0.9564544324080841,0.0013668165110129677,0.004120707412292222,0.03773973379268196,0.0003183098759281761
0.9557717706225872,0.001366070041003426,0.004118464293621716,0.038419650515710176,0.0003240445270769494
0.9550894820686086,0.0013653235744803846,0.004116221176200556,0.039099197124157756,0.0003297760565522396
0.9544075667447833,0.0013645771110654009,0.0041139780615641105,0.03977837361823085,0.0003355044643557854
0.9537260246498235,0.0013638306504925506,0.004111734950803056,0.04045717999838892,0.00034122975049146213
0.9530448557824945,0.0013630841925752128,0.0041094918446936265,0.04113561626527143,0.00034695191496466303
0.9523640601415995,0.001362337737182689,0.004107248743789586,0.04181368241964588,0.00035267095778186166
0.9516836377259671,0.0013615912842237362,0.0041050056484872085,0.04249137846237116,0.00035838687895030217
0.951003588534444,0.0013608448336349692,0.004102762559071209,0.043168704394371545,0.0003640996784777802
0.9503239125658888,0.0013600983853726799,0.004100519475747237,0.043845660216618294,0.00036980935637248764
0.9496446098191681,0.0013593519394070699,0.004098276398664868,0.04452224593011659,0.00037551591264290253
0.9489656802931534,0.001358605495718181,0.004096033327933891,0.045198461535896295,0.0003812193472977111
0.9482871239867195,0.0013578590542930194,0.004093790263635848,0.045874307035005384,0.00038691966034575247
0.9476089408987425,0.0013571126151235256,0.004091547205832217,0.0465497824285053,0.000392616851795979
0.9469311310280991,0.001356366178205138,0.0040893041545702145,0.04722488771746761,0.00039831092165742884
0.9462536943736659,0.0013556197435357796,0.004087061109886921,0.0478996229029717,0.0004040018699392057
0.9455766309343187,0.0013548733111151364,0.004084818071812209,0.048573987986103045,0.000409689696650465
0.944899940708932,0.0013541268809441496,0.0040825750403708245,0.04924798296795206,0.00041537440180040364
0.9442236236963795,0.0013533804530246548,0.004080332015583864,0.04992160784961325,0.00042105598539825305
0.9435476798955327,0.0013526340273591268,0.004078088997469833,0.05059486263218459,0.00042673444745327393
0.9428721093052618,0.001351887603950496,0.004075845986045395,0.05126774731676711,0.0004324097879747528
0.942196911924435,0.0013511411828020217,0.004073602981325907,0.051940261904464595,0.0004380820069719993
0.9415220877519188,0.0013503947639171997,0.004071359983325798,0.05261240639638337,0.0004437511044543445
0.9408476367865777,0.001349648347299697,0.004069116992058846,0.053284180793632126,0.0004494170804311396
0.9401735590272742,0.0013489019329533053,0.00406687400753837,0.05395558509732184,0.00045507993491175484
0.9394998544728689,0.0013481555208819094,0.004064631029777367,0.05462661930856567,0.0004607396679055791
0.9388265231222204,0.001347409111089462,0.0040623880587886164,0.055297283428478936,0.00046639627942201927
0.9381535649741851,0.0013466627035799684,0.004060145094584745,0.055967577458179055,0.0004720497694705001
0.9374809800276176,0.0013459162983574739,0.004057902137178282,0.05663750139878554,0.0004777001380604639
0.9368087682813703,0.0013451698954260551,0.004055659186581696,0.05730705525141996,0.00048334738520137033
0.9361369297342935,0.0013444234947898148,0.004053416242807418,0.05797623901720594,0.0004889915109026965
0.9354654643852356,0.0013436770964528762,0.004051173305867861,0.05864505269726916,0.0004946325151739368
0.9347943722330426,0.0013429307004193818,0.004048930375775437,0.05931349629273736,0.0005002703980246029
0.9341236532765588,0.001342184306693489,0.00404668745254256,0.05998156980474031,0.0005059051594642237
0.9334533075146262,0.00134143791527937,0.00404444453618166,0.06064927323440983,0.0005115367995023454
0.9327833349460847,0.0013406915261812112,0.004042201626705186,0.0613166065828798,0.0005171653181485316
0.9321137355697721,0.0013399451394032103,0.004039958724125605,0.061983569851286155,0.000522790715412363
0.931444509384524,0.0013391987549495779,0.00403771582845541,0.06265016304076688,0.0005284129913034378
0.9307756563891743,0.001338452372824536,0.004035472939707123,0.06331638615246203,0.0005340321458313715
0.9301071765825542,0.0013377059930323176,0.00403323005789329,0.06398223918751371,0.0005396481790057973
0.9294390699634931,0.0013369596155771673,0.004030987183026488,0.0646477221470661,0.0005452610908363655
0.9287713365308183,0.0013362132404633408,0.004028744315119323,0.06531283503226547,0.0005508708813327439
0.928103976283355,0.0013354668676951041,0.0040265014541844306,0.06597757784426016,0.0005564775505046183
0.9274369892199258,0.0013347204972767352,0.004024258600234479,0.06664195058420058,0.0005620810983616917
0.9267703753393516,0.001333974129212522,0.004022015753282164,0.06730595325323926,0.0005676815249136847
0.926104134640451,0.0013332277635067637,0.004019772913340217,0.06796958585253082,0.0005732788301703357
0.9254382671220407,0.0013324814001637708,0.004017530080421398,0.06863284838323196,0.0005788730141414008
0.9247727727829347,0.001331735039187864,0.0040152872545385,0.06929574084650149,0.0005844640768366538
0.9241076516219452,0.0013309886805833752,0.004013044435704346,0.06995826324350034,0.0005900520182658866
0.9234429036378823,0.0013302423243546475,0.004010801623931795,0.07062041557539156,0.0005956368384389084
0.9227785288295536,0.001329495970506035,0.0040085588192337335,0.0712821978433403,0.0006012185373655469
0.9221145271957647,0.0013287496190419019,0.004006316021623085,0.07194361004851388,0.0006067971150556471
0.921450898735319,0.001328003269966625,0.004004073231112801,0.07260465219208169,0.0006123725715190727
0.9207876434470178,0.0013272569232845905,0.004001830447715869,0.0732653242752153,0.0006179449067657047
0.9201247613296599,0.0013265105790001969,0.003999587671445308,0.07392562629908841,0.0006235141208054426
0.9194622523820422,0.0013257642371178535,0.003997344902314169,0.0745855582648769,0.000629080213648204
0.9188001166029591,0.0013250178976419804,0.003995102140335537,0.07524512017375873,0.0006346431853039246
0.9181383539912031,0.0013242715605770096,0.00399285938552253,0.0759043120269141,0.0006402030357825582
0.9174769645455643,0.0013235252259273837,0.003990616637888298,0.07656313382552532,0.000645759765094077
0.9168159482648304,0.0013227788936975569,0.003988373897446026,0.0772215855707769,0.0006513133732484716
0.9161553051477872,0.0013220325638919944,0.003986131164208932,0.07787966726385549,0.0006568638602557506
0.9154950351932181,0.001321286236515173,0.003983888438190264,0.07853737890594997,0.0006624112261259413
0.914835138399904,0.0013205399115715812,0.003981645719403309,0.07919472049825137,0.0006679554708690894
0.9141756147666241,0.0013197935890657182,0.003979403007861385,0.07985169204195292,0.000673496594495259
0.9135164642921549,0.0013190472690020952,0.003977160303577842,0.08050829353825005,0.0006790345970145328
0.9128576869752707,0.0013183009513852342,0.003974917606566067,0.0811645249883404,0.0006845694784370119
0.9121992828147436,0.0013175546362196701,0.003972674916839478,0.0818203863934238,0.0006901012387728163
0.9115412518093435,0.001316808323509948,0.003970432234411531,0.08247587775470232,0.0006956298780320847
0.9108835939578379,0.001316062013260625,0.0039681895592957135,0.08313099907338022,0.000701155396224974
0.910226309258992,0.00131531570547627,0.003965946891505547,0.083785750350664,0.0007066777933616605
0.9095693977115686,0.0013145694001614635,0.003963704231054588,0.08444013158776242,0.0007121970694523391
0.9089128593143285,0.0013138230973207977,0.003961461577956428,0.08509414278588644,0.0007177132245072234
0.90825669406603,0.0013130767969588763,0.003959218932224694,0.08574778394624925,0.0007232262585365461
0.9076009019654292,0.0013123304990803153,0.003956976293873045,0.08640105507006633,0.0007287361715505588
0.9069454830112796,0.001311584203689742,0.003954733662915177,0.08705395615855538,0.0007342429635595322
0.9062904372023327,0.0013108379107917962,0.00395249103936482,0.08770648721293638,0.0007397466345737557
0.9056357645373375,0.0013100916203911287,0.00395024842323574,0.08835864823443157,0.0007452471846035385
0.9049814650150407,0.0013093453324924025,0.003948005814541738,0.08901043922426546,0.0007507446136592082
0.9043275386341867,0.0013085990471002934,0.003945763213296649,0.08966186018366486,0.0007562389217511122
0.9036739853935174,0.0013078527642194884,0.003943520619514344,0.09031291111385881,0.0007617301088896167
0.9030208052917724,0.0013071064838546865,0.003941278033208731,0.09096359201607868,0.0007672181750851075
0.9023679983276892,0.001306360206010599,0.003939035454393751,0.09161390289155812,0.0007727031203479896
0.9017155645000026,0.0013056139306919495,0.003936792883083384,0.09226384374153308,0.0007781849446886876
0.901063503807445,0.0013048676579034736,0.003934550319291643,0.09291341456724184,0.0007836636481176454
0.9004118162487469,0.0013041213876499188,0.0039323077630325776,0.09356261536992495,0.0007891392306453262
0.8997605018226358,0.0013033751199360455,0.003930065214320275,0.09421144615082533,0.0007946116922822132
0.8991095605278372,0.001302628854766626,0.003927822673168857,0.09485990691118817,0.0008000810330388089
0.898458992363074,0.0013018825921464448,0.003925580139592481,0.09550799765226103,0.0008055472529256355
0.897808797327067,0.0013011363320802986,0.003923337613605344,0.0961557183752938,0.000811010351953235
0.8971589754185342,0.001300390074572997,0.003921095095221677,0.09680306908153868,0.0008164703301321691
0.8965095266361913,0.0012996438196293623,0.003918852584455749,0.09745004977225026,0.0008219271874730193
0.8958604509787518,0.0012988975672542282,0.003916610081321864,0.09809666044868547,0.0008273809239863868
0.8952117484449265,0.0012981513174524415,0.003914367585834365,0.09874290111210357,0.0008328315396828931
0.8945634190334238,0.001297405070228862,0.003912125098007629,0.09938877176376625,0.0008382790345731793
0.8939154627429499,0.0012966588255883611,0.0039098826178560735,0.10003427240493751,0.0008437234086679066
0.8932678795722082,0.001295912583535824,0.003907640145394152,0.10067940303688376,0.0008491646619777563
0.8926206695198999,0.0012951663440761473,0.003905397680636356,0.1013241636608738,0.0008546027945134298
0.8919738325847237,0.0012944201072142415,0.003903155223597212,0.10196855427817879,0.0008600378062856487
0.8913273687653759,0.0012936738729550294,0.0039009127742912868,0.10261257489007233,0.0008654696973051548
0.89068127806055,0.0012929276413034462,0.003898670332733184,0.1032562254978304,0.0008708984675827102
0.8900355604689373,0.0012921814122644408,0.0038964278989375447,0.10389950610273137,0.0008763241171290973
0.8893902159892265,0.0012914351858429739,0.003894185472919049,0.10454241670605606,0.0008817466459551187
0.888745244620104,0.0012906889620440199,0.003891943054692414,0.10518495730908771,0.0008871660540715977
0.8881006463602534,0.0012899427408725659,0.0038897006442723953,0.10582712791311195,0.000892582341489378
0.8874564212083561,0.0012891965223336124,0.003887458241673787,0.1064689285194169,0.0008979955082193237
0.8868125691630907,0.0012884503064321724,0.0038852158469114225,0.10711035912929308,0.0009034055542723197
0.8861690902231335,0.0012877040931732722,0.003882973460000172,0.10775141974403346,0.0009088124796592714
0.8855259843871582,0.0012869578825619515,0.003880731080954947,0.10839211036493349,0.000914216284391105
0.884883251653836,0.001286211674603263,0.003878488709790694,0.10903243099329105,0.0009196169684787673
0.8842408920218353,0.0012854654693022721,0.003876246346522402,0.1096723816304065,0.000925014531933226
0.8835989054898223,0.0012847192666640582,0.0038740039911650983,0.1103119622775827,0.0009304089747654697
0.8829572920564607,0.0012839730666937134,0.0038717616437338484,0.11095117293612494,0.0009358002969865078
0.8823160517204112,0.0012832268693963441,0.003869519304243757,0.11159001360734103,0.0009411884986073708
0.8816751844803322,0.0012824806747770692,0.00386727697270997,0.11222848429254124,0.0009465735796391101
0.8810346903348797,0.0012817344828410212,0.0038650346491476716,0.1128665849930384,0.0009519555400927982
0.8803945692827069,0.0012809882935933456,0.003862792333572086,0.11350431571014775,0.0009573343799795286
0.8797548213224643,0.001280242107039203,0.0038605500259984767,0.11414167644518715,0.0009627100993104164
0.8791154464528002,0.0012794959231837665,0.0038583077264421487,0.1147786671994769,0.0009680826980965977
0.8784764446723599,0.0012787497420322226,0.003856065434918446,0.11541528797433985,0.0009734521763492297
0.8778378159797862,0.001278003563589772,0.0038538231514427526,0.11605153877110139,0.0009788185340794911
0.8771995603737194,0.0012772573878616286,0.0038515808760304932,0.11668741959108944,0.0009841817712985823
0.8765616778527971,0.0012765112148530205,0.003849338608697134,0.11732293043563448,0.0009895418880177247
0.8759241684156545,0.001275765044569189,0.0038470963494581806,0.1179580713060695,0.0009948988842481616
0.8752870320609236,0.0012750188770153897,0.00384485409832918,0.1185928422037301,0.0010002527600011576
0.8746502687872344,0.0012742727121968925,0.0038426118553257184,0.11922724312995442,0.001005603515287999
0.8740138785932139,0.0012735265501189804,0.0038403696204634265,0.11986127408608316,0.0010109511501199939
0.8733778614774864,0.0012727803907869508,0.003838127393757973,0.12049493507345962,0.001016295664508472
0.8727422174386738,0.0012720342342061148,0.00383588517522507,0.12112822609342969,0.0010216370584647852
0.872106946475395,0.001271288080381798,0.0038336429648804693,0.12176114714734182,0.0010269753320003069
0.8714720485862666,0.0012705419293193398,0.0038314007627399654,0.1223936982365471,0.0010323104851264321
0.8708375237699022,0.0012697957810240941,0.0038291585688193944,0.12302587936239918,0.0010376425178545785
0.8702033720249128,0.0012690496355014288,0.0038269163831346343,0.12365769052625439,0.0010429714301961855
0.8695695933499068,0.0012683034927567255,0.003824674205701605,0.1242891317294716,0.0010482972221627146
0.8689361877434898,0.001267557352795381,0.0038224320365362685,0.12492020297341237,0.0010536198937656494
0.8683031552042647,0.0012668112156228057,0.0038201898756546285,0.12555090425944085,0.0010589394450164957
0.8676704957308317,0.0012660650812444253,0.003817947723072732,0.12618123558892386,0.0010642558759267817
0.8670382093217882,0.001265318949665679,0.0038157055788066675,0.12681119696323087,0.001069569186508058
0.866406295975729,0.001264572820892021,0.003813463442872568,0.12744078838373396,0.0010748793767718973
0.8657747556912462,0.00126382669492892,0.003811221315286607,0.12807000985180794,0.001080186446729895
0.8651435884669287,0.001263080571781859,0.0038089791960650033,0.12869886136883024,0.001085490396393669
0.8645127943013633,0.0012623344514563358,0.0038067370852240164,0.12932734293618098,0.0010907912257748593
0.8638823731931335,0.001261588333957863,0.0038044949827799514,0.12995545455524293,0.0010960889348851294
0.8632523251408205,0.0012608422192919677,0.0038022528887491558,0.13058319622740164,0.001101383523736165
0.8626226501430023,0.0012600961074641919,0.00380001080314802,0.13121056795404526,0.0011066749923396742
0.8619933481982543,0.0012593499984800925,0.003797768725992978,0.13183756973656469,0.0011119633407073884
0.8613644193051492,0.0012586038923452416,0.0037955266573005096,0.13246420157635352,0.001117248568851062
0.8607358634622566,0.0012578577890652249,0.0037932845970871363,0.1330904634748081,0.0011225306767824717
0.8601076806681436,0.0012571116886456444,0.003791042545369425,0.13371635543332747,0.001127809664513418
0.8594798709213742,0.0012563655910921173,0.0037888005021639868,0.1343418774533134,0.0011330855320557237
0.85885243422051,0.0012556194964102744,0.0037865584674874764,0.13496702953617046,0.0011383582794212352
0.8582253705641094,0.0012548734046057626,0.0037843164413565934,0.1355918116833059,0.001143627906621822
0.857598679950728,0.0012541273156842442,0.0037820744237880826,0.13621622389612972,0.0011488944136693767
0.8569723623789187,0.0012533812296513967,0.0037798324147987326,0.13684026617605477,0.0011541578005758151
0.8563464178472315,0.0012526351465129118,0.0037775904144053784,0.13746393852449657,0.0011594180673530766
0.8557208463542135,0.001251889066274498,0.003775348422624899,0.13808724094287345,0.001164675214013124
0.8550956478984089,0.0012511429889418778,0.00377310643947422,0.13871017343260655,0.0011699292405679437
0.854470822478359,0.0012503969145207907,0.003770864464970311,0.1393327359951198,0.0011751801470295453
0.8538463700926024,0.0012496508430169897,0.0037686224991301883,0.13995492863183992,0.0011804279334099623
0.8532222907396747,0.0012489047744362448,0.003766380541970913,0.1405767513441964,0.0011856725997212519
0.8525985844181085,0.0012481587087843414,0.003764138593509592,0.1411982041336216,0.0011909141459754947
0.8519752511264337,0.0012474126460670803,0.003761896653763379,0.1418192870015507,0.0011961525721847954
0.851352290863177,0.0012466665862902776,0.0037596547227494743,0.14243999994942164,0.0012013878783612827
0.8507297036268624,0.001245920529459766,0.0037574128004851234,0.1430603429786753,0.0012066200645171091
0.8501074894160109,0.001245174475581393,0.0037551708869876196,0.14368031609075532,0.001211849130664451
0.8494856482291405,0.001244428424661023,0.003752928982274301,0.14429991928710828,0.0012170750768155088
0.8488641800647665,0.0012436823767045353,0.003750687086362554,0.14491915256918353,0.0012222979029825071
0.8482430849214009,0.001242936331717826,0.0037484451992698124,0.14553801593843335,0.001227517609177695
0.847622362797553,0.0012421902897068065,0.003746203321013556,0.14615650939631286,0.0012327341954133455
0.847002013691729,0.0012414442506774046,0.0037439614516113122,0.1467746329442801,0.001237947661701756
0.8463820376024321,0.0012406982146355647,0.0037417195910806555,0.14739238658379594,0.0012431580080552484
0.8457624345281627,0.001239952181587246,0.0037394777394392092,0.14800977031632426,0.001248365234486169
0.8451432044674179,0.0012392061515384255,0.003737235896704643,0.14862678414333172,0.0012535693410068885
0.844524347418692,0.0012384601244950955,0.0037349940628946757,0.149243428066288,0.0012587703276298024
0.8439058633804762,0.0012377141004632642,0.0037327522380270735,0.1498597020866656,0.001263968194367331
0.843287752351259,0.0012369680794489576,0.003730510422119651,0.15047560620594008,0.0012691629412319187
0.8426700143295253,0.0012362220614582174,0.003728268615190271,0.15109114042558983,0.0012743545682360352
0.8420526493137572,0.0012354760464971014,0.0037260268172568454,0.15170630474709623,0.0012795430753921749
0.8414356573024341,0.0012347300345716848,0.0037237850283373345,0.1523210991719436,0.0012847284627128574
0.8408190382940318,0.0012339840256880583,0.0037215432484497472,0.15293552370161928,0.0012899107302106268
0.8402027922870235,0.0012332380198523303,0.003719301477612142,0.15354957833761348,0.0012950898778980528
0.839586919279879,0.0012324920170706255,0.0037170597158426265,0.15416326308141948,0.0013002659057877296
0.8389714192710653,0.0012317460173490852,0.0037148179631593583,0.1547765779345335,0.0013054388138922773
0.838356292259046,0.001231000020693868,0.0037125762195805434,0.15538952289845478,0.0013106086022243407
0.8377415382422817,0.001230254027111149,0.003710334485124438,0.15600209797468556,0.0013157752707965904
0.8371271572192301,0.00122950803660712,0.0037080927598093488,0.1566143031647311,0.0013209388196217219
0.8365131491883457,0.0012287620491879905,0.0037058510436536315,0.15722613847009964,0.0013260992487124565
0.8358995141480797,0.0012280160648599865,0.0037036093366756926,0.1578376038923025,0.0013312565580815411
0.8352862520968803,0.0012272700836293518,0.0037013676388939895,0.158448699432854,0.0013364107477417482
0.8346733630331927,0.0012265241055023465,0.0036991259503270295,0.1590594250932715,0.0013415618177058757
0.8340608469554587,0.0012257781304852483,0.003696884270993371,0.15966978087507547,0.0013467097679867475
0.833448703862117,0.0012250321585843523,0.003694642600911623,0.16027976677978936,0.0013518545985972132
0.8328369337516032,0.001224286189805971,0.0036924009401004465,0.16088938280893977,0.0013569963095501486
0.8322255366223498,0.0012235402241564343,0.003690159288578552,0.16149862896405634,0.001362134900858455
0.831614512472786,0.0012227942616420888,0.003687917646364703,0.1621075052466718,0.0013672703725350602
0.8310038613013377,0.0012220483022693,0.0036856760134777143,0.16271601165832197,0.0013724027245929178
0.830393583106428,0.00122130234604445,0.003683434389936452,0.1633241482005458,0.0013775319570450077
0.8297836778864762,0.0012205563929739392,0.0036811927757598346,0.16393191487488531,0.001382658069904336
0.829174145639899,0.0012198104430641852,0.0036789511709668325,0.16453931168288569,0.0013877810631839351
0.8285649863651094,0.0012190644963216229,0.003676709575576469,0.1651463386260952,0.001392900936896864
0.8279562000605175,0.001218318552752706,0.003674467989607819,0.16575299570606533,0.001398017691056208
0.8273477867245299,0.001217572612363906,0.003672226413080011,0.16635928292435062,0.0014031313256750789
0.8267397463555501,0.001216826675161712,0.003669984846012226,0.16696520028250883,0.0014082418407666151
0.8261320789519784,0.001216080741152631,0.0036677432884236975,0.16757074778210085,0.001413349236343982
0.8255247845122115,0.0012153348103431884,0.003665501740333713,0.16817592542469076,0.0014184535124203718
0.8249178630346431,0.0012145888827399275,0.0036632602017616137,0.16878073321184583,0.001423554669009003
0.8243113145176636,0.0012138429583494106,0.003661018672726793,0.1693851711451365,0.0014286527061231212
0.8237051389596601,0.0012130970371782165,0.0036587771532486995,0.1699892392261364,0.0014337476237759994
0.8230993363590163,0.0012123511192329442,0.003656535643346835,0.17059293745642243,0.001438839421980937
0.8224939067141126,0.0012116052045202104,0.003654294143040755,0.17119626583757466,0.0014439281007512614
0.821888850023326,0.0012108592930466493,0.00365205265235007,0.1717992243711764,0.0014490136601003265
0.8212841662850304,0.001210113384818915,0.0036498111712944463,0.17240181305881416,0.0014540961000415137
0.8206798554975963,0.0012093674798436798,0.0036475696998936025,0.17300403190207775,0.0014591754205882318
0.8200759176593905,0.0012086215781276343,0.003645328238167313,0.17360588090256018,0.0014642516217539172
0.8194723527687768,0.001207875679677488,0.0036430867861354074,0.1742073600618578,0.0014693247035520334
0.8188691608241156,0.0012071297844999693,0.0036408453438177713,0.17480846938157013,0.0014743946659960718
0.8182663418237638,0.001206383892601825,0.003638603911234344,0.17540920886330005,0.0014794615090995516
0.8176638957660749,0.0012056380039898213,0.003636362488405122,0.17600957850865373,0.0014845252328760195
0.8170618226493991,0.0012048921186707433,0.0036341210753501572,0.17660957831924057,0.00148958583733905
0.8164601224720831,0.001204146236651395,0.0036318796720895574,0.17720920829667333,0.0014946433225022455
0.8158587952324702,0.0012034003579385992,0.003629638278643487,0.17780846844256812,0.0014996976883792368
0.8152578409289003,0.0012026544825391985,0.0036273968950321657,0.1784073587585443,0.0015047489349836823
0.8146572595597098,0.0012019086104600543,0.0036251555212758716,0.1790058792462246,0.0015097970623292687
0.8140570511232318,0.001201162741708047,0.003622914157394938,0.17960402990723512,0.0015148420704297109
0.8134572156177957,0.0012004168762900775,0.0036206728034097555,0.1802018107432053,0.001519883959298752
0.8128577530417277,0.0011996710142130648,0.003618431459340773,0.1807992217557679,0.001524922728950164
0.8122586633933503,0.0011989251554839484,0.0036161901252084955,0.18139626294655914,0.0015299583793977466
0.8116599466709826,0.0011981793001096868,0.0036139488010334866,0.18199293431721855,0.0015349909106553285
0.8110616028729402,0.0011974334480972584,0.003611707486836367,0.18258923586938908,0.0015400203227367668
0.8104636319975351,0.0011966875994536609,0.003609466182637815,0.18318516760471706,0.0015450466156559475
0.809866034043076,0.0011959417541859128,0.003607224888458568,0.1837807295248523,0.001550069789426785
0.8092688090078679,0.0011951959123010507,0.0036049836043194226,0.18437592163144798,0.0015550898440632233
0.8086719568902123,0.0011944500738061328,0.003602742330241232,0.18497074392616067,0.0015601067795792346
0.8080754776884072,0.0011937042387082366,0.0036005010662449096,0.18556519641065047,0.0015651205959888203
0.8074793714007468,0.0011929584070144595,0.0035982598123514274,0.1861592790865809,0.0015701312933060112
0.8068836380255221,0.0011922125787319192,0.003596018568581816,0.18675299195561887,0.0015751388715448669
0.8062882775610203,0.0011914667538677536,0.0035937773349571664,0.18734633501943487,0.0015801433307194765
0.805693290005525,0.0011907209324291206,0.0035915361114986287,0.18793930827970282,0.0015851446708439586
0.8050986753573164,0.001189975114423199,0.0035892948982274133,0.18853191173810008,0.001590142891932461
0.8045044336146708,0.0011892292998571875,0.0035870536951647892,0.1891241453963076,0.0015951379939991607
0.8039105647758611,0.0011884834887383056,0.0035848125023320884,0.1897160092560098,0.001600129977058265
0.8033170688391564,0.0011877376810737928,0.003582571319750701,0.1903075033188946,0.0016051188411240105
0.8027239458028225,0.00118699187687091,0.003580330147442079,0.19089862758665346,0.0016101045862106636
0.802131195665121,0.0011862460761369383,0.0035780889854277343,0.1914893820609814,0.0016150872123325206
0.8015388184243103,0.0011855002788791797,0.00357584783372924,0.19207976674357696,0.0016200667195039075
0.8009468140786449,0.0011847544851049563,0.003573606692368232,0.1926697816361423,0.0016250431077391807
0.8003551826263757,0.0011840086948216124,0.0035713655613664064,0.19325942674038304,0.0016300163770527265
0.79976392406575,0.0011832629080365132,0.0035691244407455207,0.1938487020580085,0.0016349865274589614
0.7991730383950112,0.0011825171247570438,0.0035668833305273957,0.1944376075907315,0.0016399535589723324
0.7985825256123991,0.0011817713449906108,0.0035646422307339136,0.19502614334026852,0.0016449174716073164
0.7979923857161497,0.0011810255687446426,0.003562401141387018,0.19561430930833962,0.001649878265378421
0.7974026187044955,0.0011802797960265886,0.0035601600625087175,0.19620210549666847,0.0016548359403001846
0.7968132245756648,0.0011795340268439193,0.003557918994121082,0.19678953190698242,0.001659790496387176
0.7962242033278827,0.0011787882612041274,0.0035556779362462447,0.1973765885410124,0.0016647419336539944
0.79563555495937,0.001178042499114726,0.0035534368889064026,0.19796327540049302,0.0016696902521152704
0.7950472794683441,0.0011772967405832503,0.0035511958521238143,0.19854959248716259,0.0016746354517856651
0.7944593768530185,0.0011765509856172572,0.0035489548259208044,0.19913553980276302,0.0016795775326798707
0.7938718471116027,0.0011758052342243255,0.003546713810319761,0.19972111734903997,0.0016845164948126104
0.7932846902423029,0.0011750594864120556,0.003544472805343135,0.20030632512774274,0.0016894523381986387
0.7926979062433208,0.0011743137421880699,0.0035422318110134433,0.20089116314062436,0.0016943850628527413
0.7921114951128548,0.0011735680015600124,0.0035399908273532664,0.20147563138944158,0.0016993146687897351
0.7915254568490993,0.0011728222645355495,0.0035377498543852507,0.20205972987595486,0.0017042411560244685
0.7909397914502446,0.0011720765311223698,0.003535508892132106,0.20264345860192842,0.0017091645245718213
0.7903544989144776,0.0011713308013281837,0.0035332679406166103,0.20322681756913022,0.0017140847744467052
0.789769579239981,0.0011705850751607245,0.0035310269998616033,0.20380980677933197,0.0017190019056640632
0.7891850324249337,0.001169839352627747,0.003528786069889994,0.20439242623430914,0.0017239159182388707
0.7886008584675105,0.0011690936337370294,0.0035265451507247546,0.20497467593584098,0.0017288268121861342
0.7880170573658827,0.0011683479184963715,0.003524304242388926,0.20555655588571056,0.0017337345875208928
0.7874336291182172,0.0011676022069135965,0.0035220633449056142,0.20613806608570473,0.0017386392442582173
